20150101
20150102
20150103
20150110
20150111
20150117
20150118
20150124
20150125
20150131
20150201
20150207
20150208
20150214
20150218
20150219
20150220
20150221
20150222
20150223
20150224
20150301
20150307
20150308
20150314
20150315
20150321
20150322
20150404
20150405
20150406
20150411
20150412
20150426
20150501
20150502
20150503
20150509
20150510
20150517
20150523
20150524
20150530
20150531
20150606
20150607
20150613
20150614
20150620
20150621
20150622
20150627
20150628
20150704
20150705
20150711
20150712
20150718
20150719
20150725
20150726
20150801
20150802
20150808
20150809
20150815
20150816
20150822
20150823
20150829
20150830
20150905
20150906
20150912
20150913
20150919
20150920
20150926
20150927
20151001
20151002
20151003
20151004
20151005
20151006
20151007
20151011
20151017
20151018
20151024
20151025
20151031
